14 14 14 14 14 14 15 15 14 14 14 14 15 15 15 15 15 15 15 15 16 17 142 143 144 143 142 166 165 167 215 164 216 215 215 215 215 215 215 216 167 15 15 15 15 15 15 14 14 14 14 14 14 15 14 14 14 14 14 
14 16 14 14 14 14 14 14 15 15 14 14 14 15 15 15 15 15 15 15 15 15 16 16 141 142 144 162 145 161 144 215 167 215 215 215 215 215 216 216 215 215 215 15 15 15 15 14 15 14 14 14 14 14 14 14 14 14 14 14 14 
14 15 14 14 14 14 14 14 15 14 14 14 15 15 15 15 15 14 15 15 15 15 16 16 142 143 142 142 144 143 145 216 145 215 215 215 215 216 215 215 216 215 16 15 15 15 15 15 14 14 14 14 14 14 14 14 14 14 14 14 14 
14 14 15 14 14 14 14 14 14 14 14 14 14 15 15 15 15 15 15 15 15 15 16 16 140 142 142 145 162 166 165 215 215 214 216 216 215 216 215 216 215 18 18 15 15 14 15 15 15 14 14 14 14 14 14 14 14 14 14 14 14 
14 15 15 14 14 14 14 14 14 14 14 14 14 15 15 15 15 15 15 15 15 15 16 16 143 142 144 146 143 143 143 215 215 216 215 216 215 215 215 215 216 18 16 15 15 15 15 15 14 14 14 14 14 14 14 14 14 14 14 14 14 
14 15 14 14 14 14 14 15 14 14 14 14 15 15 15 15 15 15 15 15 15 15 16 16 143 142 142 144 145 144 144 215 216 216 216 216 216 215 215 215 215 17 16 15 15 15 15 15 15 14 14 14 14 14 14 14 14 14 14 14 14 
14 15 14 14 14 14 14 14 14 14 14 14 15 15 15 15 15 15 15 15 15 15 16 16 142 144 142 143 144 166 144 215 215 215 216 215 215 215 216 215 215 18 16 15 15 14 15 15 14 15 14 14 14 14 14 14 14 14 14 14 14 
14 15 14 14 14 14 14 14 14 14 14 14 15 15 14 15 15 14 15 15 15 15 16 17 142 143 142 142 142 146 144 164 214 216 216 216 216 215 215 216 216 16 16 15 15 15 15 15 15 15 14 14 14 14 14 14 14 14 14 14 14 
14 15 14 14 14 14 14 15 14 14 14 14 15 15 15 15 15 15 15 15 15 15 16 16 141 142 143 143 142 215 165 215 217 216 215 216 216 216 216 216 216 16 16 15 15 15 15 15 15 15 14 14 14 14 14 14 14 14 14 14 14 
14 16 14 14 14 14 14 15 14 14 14 14 15 15 15 15 15 15 15 15 15 15 16 17 143 143 143 144 142 215 143 215 215 215 215 215 215 216 216 215 215 16 16 15 15 15 15 15 14 14 14 14 14 14 14 14 14 14 14 14 14 
14 15 14 14 14 14 14 14 14 14 14 14 15 15 15 15 15 15 15 15 15 15 16 17 143 160 143 144 161 146 215 215 216 216 215 215 216 216 216 216 215 216 16 15 15 15 15 14 14 15 14 14 14 14 14 15 14 14 14 14 14 
14 15 14 14 14 14 14 14 14 14 14 14 15 15 15 15 15 15 15 15 15 15 16 17 142 144 147 143 162 164 166 215 216 215 216 216 217 216 215 215 217 16 16 15 15 15 15 15 15 15 14 14 14 14 14 14 14 14 14 14 14 
14 15 15 14 14 14 14 14 14 14 14 14 15 15 15 15 15 14 15 15 15 15 16 17 142 142 144 144 144 166 216 215 216 216 215 215 216 216 215 216 215 18 17 15 15 15 15 15 15 15 14 14 14 14 15 14 14 14 14 13 14 
14 15 14 14 14 14 14 14 14 14 14 14 14 15 15 15 14 14 15 15 15 15 16 17 142 142 142 142 143 215 167 144 215 215 215 216 215 216 216 215 216 16 16 15 15 15 15 15 14 15 14 14 14 14 14 14 14 14 14 14 14 
14 14 14 14 14 14 14 14 14 14 14 14 14 15 15 15 15 15 15 15 15 16 16 16 142 143 143 144 144 216 144 216 216 217 216 216 216 216 215 141 144 16 16 15 15 15 15 15 15 15 14 14 14 14 15 14 14 14 14 14 14 
14 14 15 14 14 14 14 14 14 14 14 14 14 15 14 15 15 15 15 15 15 15 16 17 143 144 162 160 143 215 144 216 215 215 216 216 215 191 206 197 154 16 16 15 15 15 15 15 15 15 14 14 14 14 14 14 14 14 14 14 14 
14 15 14 14 14 14 14 14 14 14 14 14 15 15 14 15 15 14 15 15 15 15 16 17 142 143 143 142 147 166 215 216 216 216 217 146 215 215 207 215 216 16 16 15 15 15 15 15 14 15 14 14 14 14 14 14 14 14 14 14 14 
14 15 14 14 14 14 14 14 14 14 14 14 14 15 15 15 15 15 15 15 15 15 16 17 142 142 144 143 143 142 216 216 216 215 216 216 147 215 215 216 215 16 16 15 15 15 15 15 15 14 14 14 14 14 15 14 14 14 14 14 13 
14 14 14 14 14 14 14 14 14 14 14 14 15 15 15 15 15 14 15 15 15 15 16 17 143 143 143 143 143 144 215 164 216 216 215 215 215 215 216 215 216 16 16 15 15 15 15 15 14 15 14 14 14 15 14 14 14 14 14 14 14 
14 14 14 14 14 14 14 14 14 14 14 14 14 15 15 15 15 14 14 15 15 15 16 17 143 142 142 143 143 161 144 215 215 216 216 215 216 215 216 216 216 16 16 15 15 15 15 15 14 14 14 14 14 14 14 14 13 14 14 14 14 
14 15 15 14 14 14 15 14 14 14 14 14 15 15 15 15 15 14 15 15 15 15 16 17 143 143 143 143 143 215 146 216 144 215 215 215 215 215 215 215 216 16 16 15 15 15 15 15 14 14 14 14 14 14 15 14 14 14 14 14 14 
14 14 14 14 14 14 14 14 14 14 14 14 15 15 15 15 15 15 15 15 15 15 16 17 142 144 143 143 143 145 215 181 200 215 216 216 215 216 215 215 216 16 16 15 15 15 15 15 15 14 14 14 14 14 14 14 14 14 14 14 14 
14 15 14 14 14 14 15 14 14 14 14 14 15 15 15 15 14 14 15 15 15 15 16 143 143 160 145 142 143 163 215 215 215 215 216 215 215 215 215 215 215 16 16 15 15 15 15 15 15 14 14 14 14 14 14 14 14 14 14 14 14 
14 14 15 14 14 14 15 15 14 14 14 14 15 15 15 15 15 14 15 15 15 15 16 17 143 143 142 143 143 144 216 215 215 215 216 216 215 215 215 215 215 16 16 15 15 15 15 14 14 15 14 14 14 14 14 15 14 14 14 14 14 
14 15 14 14 14 14 14 14 14 14 14 14 15 15 15 15 15 14 15 15 15 15 16 143 142 143 144 144 144 145 215 216 215 216 215 215 216 216 216 216 216 16 16 15 15 15 15 15 14 14 14 14 14 14 14 14 14 14 14 14 14 
14 16 14 14 14 14 14 14 14 14 14 14 14 15 15 15 15 14 15 15 15 15 16 17 142 143 142 143 162 144 215 216 215 215 215 216 215 215 215 215 215 16 16 15 15 15 15 15 14 15 14 14 14 14 15 14 14 14 14 14 14 
14 15 14 14 14 14 14 14 14 14 14 14 15 15 15 15 15 15 15 15 15 15 16 18 143 145 143 143 144 144 215 215 216 216 216 215 216 216 215 216 215 16 16 15 15 15 15 15 15 14 14 14 14 14 14 14 14 14 14 14 14 
14 15 14 14 14 14 15 15 14 14 14 14 15 15 15 15 15 15 15 15 15 15 16 17 144 143 143 161 144 145 215 215 216 215 216 216 216 216 216 216 215 16 16 15 15 15 15 15 15 15 14 14 14 14 14 14 14 14 14 14 