25 24 24 24 24 24 24 25 24 25 25 25 25 25 26 27 27 142 141 143 142 143 143 142 143 143 161 163 214 214 215 215 215 215 215 215 28 28 26 26 25 25 25 25 25 24 24 24 24 24 24 24 23 23 23 23 24 23 23 23 
23 24 24 24 24 24 24 25 25 24 25 25 25 26 26 27 27 142 142 142 143 142 141 142 142 144 144 162 164 166 216 215 216 216 215 215 215 28 27 26 26 25 25 25 25 24 24 24 24 24 24 24 24 23 23 23 24 24 24 23 23 
23 24 25 24 24 24 24 25 24 24 25 25 25 26 26 27 27 141 142 142 143 143 143 142 143 143 143 160 163 215 215 215 216 215 215 215 214 28 28 27 26 25 25 25 25 24 24 24 24 24 24 24 24 23 23 23 23 23 24 23 23 
23 24 26 24 24 24 24 25 25 24 25 25 25 26 26 27 27 141 142 142 142 143 142 143 143 143 144 143 162 167 215 215 215 216 215 215 156 27 27 26 26 25 25 25 25 25 24 24 24 24 24 24 24 23 23 24 23 23 23 23 23 
23 25 24 24 24 24 24 25 24 24 24 25 25 25 25 26 27 141 142 142 142 143 142 142 145 144 142 161 164 165 166 215 215 215 215 215 215 27 27 26 26 25 25 25 25 24 24 24 24 24 24 24 23 23 23 23 23 23 23 23 23 
23 25 24 24 24 24 25 24 24 24 25 25 25 26 26 27 27 141 143 142 141 142 143 143 145 144 145 161 163 167 167 215 215 215 215 215 215 27 27 27 26 25 25 25 25 24 24 24 24 24 24 24 24 23 24 24 24 24 23 23 23 
23 25 26 24 24 24 24 25 24 24 25 25 25 26 26 27 27 143 142 142 143 143 144 144 143 144 161 144 162 166 215 215 216 216 215 215 215 27 27 27 26 25 25 25 25 24 25 24 24 24 24 24 24 23 24 23 24 23 23 23 23 
23 25 24 24 24 24 24 24 24 24 25 25 25 26 26 27 27 142 142 142 142 142 143 142 143 145 161 161 162 164 215 215 215 215 215 215 215 27 27 26 26 25 25 25 25 25 24 24 24 24 24 24 24 23 23 24 24 24 23 23 23 
23 24 25 24 24 25 25 25 25 25 25 25 25 25 26 26 27 141 142 142 142 142 143 145 143 159 161 162 161 215 215 215 215 215 215 215 215 27 27 26 26 25 25 25 25 24 24 24 24 24 24 24 24 23 23 23 24 24 23 23 23 
23 24 25 24 24 25 25 24 24 24 25 25 25 25 26 27 28 142 141 142 142 142 142 143 145 143 143 162 164 215 215 215 216 215 215 215 215 27 27 26 26 25 25 25 25 24 24 24 24 24 24 24 23 23 23 24 24 24 23 23 23 
23 23 25 24 24 24 25 24 25 25 25 25 25 25 26 27 28 142 142 142 142 142 142 143 143 142 161 163 163 215 215 215 216 215 216 216 215 28 27 26 26 25 25 25 25 24 24 24 24 24 24 24 24 23 23 24 24 24 23 23 23 
23 24 26 24 24 25 25 24 24 24 25 25 25 25 26 26 27 142 143 142 143 143 143 142 144 161 161 163 163 215 215 216 215 215 216 215 215 27 27 27 26 25 25 25 25 24 24 24 24 24 24 24 24 23 23 24 23 24 23 23 23 
23 24 24 24 24 25 25 25 24 25 25 25 25 25 26 26 28 142 142 143 143 143 144 145 160 160 161 162 163 215 216 215 215 215 215 215 215 27 27 26 26 25 25 25 25 24 24 24 24 24 24 24 24 23 23 24 24 24 24 23 23 
23 25 25 24 24 25 25 24 24 25 25 25 25 25 26 26 28 143 142 141 142 143 144 143 144 146 161 163 215 215 215 215 215 215 215 215 215 27 27 27 26 25 25 25 25 24 24 24 24 24 24 24 23 23 23 24 24 24 23 23 23 
23 23 26 24 24 24 25 24 24 24 25 25 25 25 26 27 28 143 144 142 143 143 143 142 143 145 144 162 165 215 216 216 216 216 216 216 215 27 27 27 27 25 25 25 25 25 24 25 23 24 24 24 23 23 24 24 24 23 23 23 23 
23 24 25 24 24 24 24 24 24 24 25 25 25 25 26 27 28 143 142 143 142 142 143 143 143 159 160 161 163 215 215 215 215 215 215 215 214 27 27 26 26 25 25 25 24 24 24 24 24 24 24 24 24 24 24 23 24 23 23 23 23 
23 24 26